32
0.0001, 0.010, 300
ens16_
10.5150       20.5439701       12.9764051
10.5151       20.5439701       12.9764051
10.5152       20.5439701       12.9764051
10.5153       20.5439701       12.9764051
10.5154       20.5439701       12.9764051
10.5155       20.5439701       12.9764051
10.5156       20.5439701       12.9764051
10.5157       20.5439701       12.9764051
10.5158       20.5439701       12.9764051
10.5159       20.5439701       12.9764051
10.5160       20.5439701       12.9764051
10.5161       20.5439701       12.9764051
10.5162       20.5439701       12.9764051
10.5163       20.5439701       12.9764051
10.5164       20.5439701       12.9764051
10.5165       20.5439701       12.9764051
10.5166       20.5439701       12.9764051
10.5167       20.5439701       12.9764051
10.5168       20.5439701       12.9764051
10.5169       20.5439701       12.9764051
10.5170       20.5439701       12.9764051
10.5171       20.5439701       12.9764051
10.5172       20.5439701       12.9764051
10.5173       20.5439701       12.9764051
10.5174       20.5439701       12.9764051
10.5175       20.5439701       12.9764051
10.5176       20.5439701       12.9764051
10.5177       20.5439701       12.9764051
10.5178       20.5439701       12.9764051
10.5179       20.5439701       12.9764051
10.5180       20.5439701       12.9764051
10.5181       20.5439701       12.9764051
